419,78,451,97, "JOHN"
456,87,495,110, "REVETT"
427,104,463,119, "(Builders)"
468,116,489,126, "Limted"
90,297,421,359, "CELCON"
89,365,424,404, "www.celcon.co.uk"
419,156,451,195, "JOHN"
456,174,495,220, "REVETT"
427,208,463,238, "(Builders)"
468,231,489,252, "Limted"
90,594,421,717, "CELCON"
89,730,424,808, "www.celcon.co.uk"
419,156,451,195, "JOHN"
456,174,495,220, "REVETT"
427,208,463,238, "(Builders)"
468,231,489,252, "Limted"
90,594,421,717, "CELCON"
89,730,424,808, "www.celcon.co.uk"
419,156,451,195, "JOHN"
456,174,495,220, "REVETT"
427,208,463,238, "(Builders)"
468,231,489,252, "Limted"
90,594,421,717, "CELCON"
89,730,424,808, "www.celcon.co.uk"
419,156,451,195, "JOHN"
456,174,495,220, "REVETT"
427,208,463,238, "(Builders)"
468,231,489,252, "Limted"
90,594,421,717, "CELCON"
89,730,424,808, "www.celcon.co.uk"
419,156,451,195, "JOHN"
456,174,495,220, "REVETT"
427,208,463,238, "(Builders)"
468,231,489,252, "Limted"
90,594,421,717, "CELCON"
89,730,424,808, "www.celcon.co.uk"
