20,17,479,84, "Tiredness"
143,103,346,176, "kills"
0,273,40,324, "A"
67,275,252,328, "short"
282,277,489,329, "break"
45,345,238,399, "could"
269,359,433,400, "save"
86,428,244,481, "your"
276,418,387,471, "life"
20,34,479,168, "Tiredness"
143,206,346,352, "kills"
0,546,40,648, "A"
67,551,252,655, "short"
282,555,489,657, "break"
45,691,238,798, "could"
269,718,433,800, "save"
86,855,244,962, "your"
276,835,387,942, "life"
20,34,479,168, "Tiredness"
143,206,346,352, "kills"
0,546,40,648, "A"
67,551,252,655, "short"
282,555,489,657, "break"
45,691,238,798, "could"
269,718,433,800, "save"
86,855,244,962, "your"
276,835,387,942, "life"
20,34,479,168, "Tiredness"
143,206,346,352, "kills"
0,546,40,648, "A"
67,551,252,655, "short"
282,555,489,657, "break"
45,691,238,798, "could"
269,718,433,800, "save"
86,855,244,962, "your"
276,835,387,942, "life"
20,34,479,168, "Tiredness"
143,206,346,352, "kills"
0,546,40,648, "A"
67,551,252,655, "short"
282,555,489,657, "break"
45,691,238,798, "could"
269,718,433,800, "save"
86,855,244,962, "your"
276,835,387,942, "life"
20,34,479,168, "Tiredness"
143,206,346,352, "kills"
0,546,40,648, "A"
67,551,252,655, "short"
282,555,489,657, "break"
45,691,238,798, "could"
269,718,433,800, "save"
86,855,244,962, "your"
276,835,387,942, "life"
