20,364,277,427, "COSTA"
308,373,480,433, "MED"
136,432,356,464, "mediterranean"
369,441,468,470, "cuisine"
20,728,277,854, "COSTA"
308,746,480,867, "MED"
136,864,356,928, "mediterranean"
369,881,468,941, "cuisine"
20,728,277,854, "COSTA"
308,746,480,867, "MED"
136,864,356,928, "mediterranean"
369,881,468,941, "cuisine"
20,728,277,854, "COSTA"
308,746,480,867, "MED"
136,864,356,928, "mediterranean"
369,881,468,941, "cuisine"
20,728,277,854, "COSTA"
308,746,480,867, "MED"
136,864,356,928, "mediterranean"
369,881,468,941, "cuisine"
20,728,277,854, "COSTA"
308,746,480,867, "MED"
136,864,356,928, "mediterranean"
369,881,468,941, "cuisine"
